cpu  1051150 1 378108 43018815 7112 0 106483 0 0 0
cpu0 273979 0 84519 10689854 1079 0 90992 0 0 0
cpu1 260666 1 92299 10780733 1880 0 4849 0 0 0
cpu2 288668 0 103603 10740631 2357 0 5167 0 0 0
cpu3 227835 0 97685 10807594 1794 0 5473 0 0 0
intr 224295578 0 21087824 7252855 0 0 0 7908540 0 0 0 0 161434954 0 0 0 0 0 0 2732 42 0 190868 39 39 0 112691 15817079 2 0 0 2484477 0 0 8003435 0 1 0 0 0 0 0 0 0 0 0 0 0 0 0 0 0 0 0 0 0 0 0 0 0 0 0 0 0 0
ctxt 102837371
btime 1660362873
processes 66153
procs_running 4
procs_blocked 0
softirq 67563678 1 15535342 9740 4942434 0 0 77301 44532490 2580 2463790